digraph {
	64.2890625
	32.078125
	64.2890625 -> 32.078125
	96.5
	64.2890625 -> 96.5
	15.65625
	32.078125 -> 15.65625
	48.5
	32.078125 -> 48.5
	80.5
	96.5 -> 80.5
	112.5
	96.5 -> 112.5
	7.5
	15.65625 -> 7.5
	23.8125
	15.65625 -> 23.8125
	40.5
	48.5 -> 40.5
	56.5
	48.5 -> 56.5
	72.5
	80.5 -> 72.5
	88.5
	80.5 -> 88.5
	104.5
	112.5 -> 104.5
	120.5
	112.5 -> 120.5
	3.5
	7.5 -> 3.5
	11.5
	7.5 -> 11.5
	19.5
	23.8125 -> 19.5
	28.125
	23.8125 -> 28.125
	36.5
	40.5 -> 36.5
	44.5
	40.5 -> 44.5
	52.5
	56.5 -> 52.5
	60.5
	56.5 -> 60.5
	68.5
	72.5 -> 68.5
	76.5
	72.5 -> 76.5
	84.5
	88.5 -> 84.5
	92.5
	88.5 -> 92.5
	100.5
	104.5 -> 100.5
	108.5
	104.5 -> 108.5
	116.5
	120.5 -> 116.5
	124.5
	120.5 -> 124.5
	1.5
	3.5 -> 1.5
	5.5
	3.5 -> 5.5
	9.5
	11.5 -> 9.5
	13.5
	11.5 -> 13.5
	17.5
	19.5 -> 17.5
	21.5
	19.5 -> 21.5
	25.75
	28.125 -> 25.75
	30.5
	28.125 -> 30.5
	34.5
	36.5 -> 34.5
	38.5
	36.5 -> 38.5
	42.5
	44.5 -> 42.5
	46.5
	44.5 -> 46.5
	50.5
	52.5 -> 50.5
	54.5
	52.5 -> 54.5
	58.5
	60.5 -> 58.5
	62.5
	60.5 -> 62.5
	66.5
	68.5 -> 66.5
	70.5
	68.5 -> 70.5
	74.5
	76.5 -> 74.5
	78.5
	76.5 -> 78.5
	82.5
	84.5 -> 82.5
	86.5
	84.5 -> 86.5
	90.5
	92.5 -> 90.5
	94.5
	92.5 -> 94.5
	98.5
	100.5 -> 98.5
	102.5
	100.5 -> 102.5
	106.5
	108.5 -> 106.5
	110.5
	108.5 -> 110.5
	114.5
	116.5 -> 114.5
	118.5
	116.5 -> 118.5
	122.5
	124.5 -> 122.5
	126.5
	124.5 -> 126.5
	0.5
	1.5 -> 0.5
	2.5
	1.5 -> 2.5
	4.5
	5.5 -> 4.5
	6.5
	5.5 -> 6.5
	8.5
	9.5 -> 8.5
	10.5
	9.5 -> 10.5
	12.5
	13.5 -> 12.5
	14.5
	13.5 -> 14.5
	16.5
	17.5 -> 16.5
	18.5
	17.5 -> 18.5
	20.5
	21.5 -> 20.5
	22.5
	21.5 -> 22.5
	24.5
	25.75 -> 24.5
	27.0
	25.75 -> 27.0
	29.5
	30.5 -> 29.5
	31.5
	30.5 -> 31.5
	33.5
	34.5 -> 33.5
	35.5
	34.5 -> 35.5
	37.5
	38.5 -> 37.5
	39.5
	38.5 -> 39.5
	41.5
	42.5 -> 41.5
	43.5
	42.5 -> 43.5
	45.5
	46.5 -> 45.5
	47.5
	46.5 -> 47.5
	49.5
	50.5 -> 49.5
	51.5
	50.5 -> 51.5
	53.5
	54.5 -> 53.5
	55.5
	54.5 -> 55.5
	57.5
	58.5 -> 57.5
	59.5
	58.5 -> 59.5
	61.5
	62.5 -> 61.5
	63.5
	62.5 -> 63.5
	65.5
	66.5 -> 65.5
	67.5
	66.5 -> 67.5
	69.5
	70.5 -> 69.5
	71.5
	70.5 -> 71.5
	73.5
	74.5 -> 73.5
	75.5
	74.5 -> 75.5
	77.5
	78.5 -> 77.5
	79.5
	78.5 -> 79.5
	81.5
	82.5 -> 81.5
	83.5
	82.5 -> 83.5
	85.5
	86.5 -> 85.5
	87.5
	86.5 -> 87.5
	89.5
	90.5 -> 89.5
	91.5
	90.5 -> 91.5
	93.5
	94.5 -> 93.5
	95.5
	94.5 -> 95.5
	97.5
	98.5 -> 97.5
	99.5
	98.5 -> 99.5
	101.5
	102.5 -> 101.5
	103.5
	102.5 -> 103.5
	105.5
	106.5 -> 105.5
	107.5
	106.5 -> 107.5
	109.5
	110.5 -> 109.5
	111.5
	110.5 -> 111.5
	113.5
	114.5 -> 113.5
	115.5
	114.5 -> 115.5
	117.5
	118.5 -> 117.5
	119.5
	118.5 -> 119.5
	121.5
	122.5 -> 121.5
	123.5
	122.5 -> 123.5
	125.5
	126.5 -> 125.5
	127.5
	126.5 -> 127.5
	0
	0.5 -> 0
	1
	0.5 -> 1
	2
	2.5 -> 2
	3
	2.5 -> 3
	4
	4.5 -> 4
	5
	4.5 -> 5
	6
	6.5 -> 6
	7
	6.5 -> 7
	8
	8.5 -> 8
	9
	8.5 -> 9
	10
	10.5 -> 10
	11
	10.5 -> 11
	12
	12.5 -> 12
	13
	12.5 -> 13
	14
	14.5 -> 14
	15
	14.5 -> 15
	16
	16.5 -> 16
	17
	16.5 -> 17
	18
	18.5 -> 18
	19
	18.5 -> 19
	20
	20.5 -> 20
	21
	20.5 -> 21
	22
	22.5 -> 22
	23
	22.5 -> 23
	24
	24.5 -> 24
	25
	24.5 -> 25
	26
	27.0 -> 26
	28
	27.0 -> 28
	29
	29.5 -> 29
	30
	29.5 -> 30
	31
	31.5 -> 31
	32
	31.5 -> 32
	33
	33.5 -> 33
	34
	33.5 -> 34
	35
	35.5 -> 35
	36
	35.5 -> 36
	37
	37.5 -> 37
	38
	37.5 -> 38
	39
	39.5 -> 39
	40
	39.5 -> 40
	41
	41.5 -> 41
	42
	41.5 -> 42
	43
	43.5 -> 43
	44
	43.5 -> 44
	45
	45.5 -> 45
	46
	45.5 -> 46
	47
	47.5 -> 47
	48
	47.5 -> 48
	49
	49.5 -> 49
	50
	49.5 -> 50
	51
	51.5 -> 51
	52
	51.5 -> 52
	53
	53.5 -> 53
	54
	53.5 -> 54
	55
	55.5 -> 55
	56
	55.5 -> 56
	57
	57.5 -> 57
	58
	57.5 -> 58
	59
	59.5 -> 59
	60
	59.5 -> 60
	61
	61.5 -> 61
	62
	61.5 -> 62
	63
	63.5 -> 63
	64
	63.5 -> 64
	65
	65.5 -> 65
	66
	65.5 -> 66
	67
	67.5 -> 67
	68
	67.5 -> 68
	69
	69.5 -> 69
	70
	69.5 -> 70
	71
	71.5 -> 71
	72
	71.5 -> 72
	73
	73.5 -> 73
	74
	73.5 -> 74
	75
	75.5 -> 75
	76
	75.5 -> 76
	77
	77.5 -> 77
	78
	77.5 -> 78
	79
	79.5 -> 79
	80
	79.5 -> 80
	81
	81.5 -> 81
	82
	81.5 -> 82
	83
	83.5 -> 83
	84
	83.5 -> 84
	85
	85.5 -> 85
	86
	85.5 -> 86
	87
	87.5 -> 87
	88
	87.5 -> 88
	89
	89.5 -> 89
	90
	89.5 -> 90
	91
	91.5 -> 91
	92
	91.5 -> 92
	93
	93.5 -> 93
	94
	93.5 -> 94
	95
	95.5 -> 95
	96
	95.5 -> 96
	97
	97.5 -> 97
	98
	97.5 -> 98
	99
	99.5 -> 99
	100
	99.5 -> 100
	101
	101.5 -> 101
	102
	101.5 -> 102
	103
	103.5 -> 103
	104
	103.5 -> 104
	105
	105.5 -> 105
	106
	105.5 -> 106
	107
	107.5 -> 107
	108
	107.5 -> 108
	109
	109.5 -> 109
	110
	109.5 -> 110
	111
	111.5 -> 111
	112
	111.5 -> 112
	113
	113.5 -> 113
	114
	113.5 -> 114
	115
	115.5 -> 115
	116
	115.5 -> 116
	117
	117.5 -> 117
	118
	117.5 -> 118
	119
	119.5 -> 119
	120
	119.5 -> 120
	121
	121.5 -> 121
	122
	121.5 -> 122
	123
	123.5 -> 123
	124
	123.5 -> 124
	125
	125.5 -> 125
	126
	125.5 -> 126
	127
	127.5 -> 127
	128
	127.5 -> 128
}
